CLARK Y AIRFOIL                                 
 Alfa =   1.96881 Re =  1700000.000 Xflap,Yflap =     0.000000    0.000000
#    x        y        Cp  
   1.00000  0.00060  0.23048
   0.99379  0.00207  0.20855
   0.98273  0.00469  0.17006
   0.96978  0.00774  0.12771
   0.95555  0.01106  0.08496
   0.94061  0.01449  0.04457
   0.92534  0.01793  0.00795
   0.90992  0.02135 -0.02529
   0.89441  0.02472 -0.05638
   0.87887  0.02803 -0.08521
   0.86332  0.03130 -0.11285
   0.84776  0.03449 -0.13867
   0.83219  0.03763 -0.16391
   0.81662  0.04070 -0.18759
   0.80104  0.04370 -0.21091
   0.78546  0.04663 -0.23338
   0.76987  0.04950 -0.25508
   0.75428  0.05229 -0.27636
   0.73867  0.05502 -0.29697
   0.72306  0.05767 -0.31776
   0.70745  0.06025 -0.33825
   0.69184  0.06276 -0.35866
   0.67623  0.06519 -0.37964
   0.66065  0.06754 -0.40028
   0.64508  0.06979 -0.42085
   0.62953  0.07196 -0.44065
   0.61400  0.07402 -0.45983
   0.59847  0.07598 -0.47763
   0.58296  0.07784 -0.49433
   0.56744  0.07958 -0.50906
   0.55192  0.08122 -0.52238
   0.53639  0.08276 -0.53532
   0.52086  0.08418 -0.55500
   0.50533  0.08550 -0.59909
   0.48980  0.08670 -0.63875
   0.47430  0.08779 -0.64627
   0.45882  0.08876 -0.65762
   0.44338  0.08960 -0.67050
   0.42798  0.09031 -0.68363
   0.41260  0.09087 -0.69641
   0.39723  0.09129 -0.70801
   0.38186  0.09156 -0.71771
   0.36646  0.09168 -0.72665
   0.35102  0.09166 -0.73557
   0.33554  0.09152 -0.74590
   0.32002  0.09126 -0.75868
   0.30449  0.09088 -0.77562
   0.28902  0.09041 -0.79725
   0.27370  0.08982 -0.82322
   0.25859  0.08908 -0.85181
   0.24371  0.08816 -0.88066
   0.22906  0.08704 -0.90845
   0.21462  0.08567 -0.93167
   0.20038  0.08404 -0.94837
   0.18629  0.08211 -0.95440
   0.17229  0.07987 -0.95085
   0.15837  0.07734 -0.94317
   0.14456  0.07452 -0.93378
   0.13092  0.07143 -0.92438
   0.11753  0.06806 -0.91344
   0.10447  0.06442 -0.89640
   0.09179  0.06052 -0.87153
   0.07962  0.05640 -0.84888
   0.06823  0.05218 -0.83842
   0.05784  0.04793 -0.82736
   0.04859  0.04369 -0.80257
   0.04050  0.03951 -0.75960
   0.03355  0.03543 -0.69771
   0.02765  0.03149 -0.60012
   0.02268  0.02772 -0.47082
   0.01849  0.02417 -0.31995
   0.01495  0.02091 -0.17832
   0.01194  0.01796 -0.07619
   0.00935  0.01532 -0.00468
   0.00715  0.01293  0.05484
   0.00528  0.01072  0.12043
   0.00372  0.00865  0.19884
   0.00243  0.00667  0.29698
   0.00141  0.00476  0.41202
   0.00066  0.00291  0.54725
   0.00017  0.00111  0.69434
  -0.00005 -0.00062  0.83532
  -0.00000 -0.00233  0.94311
   0.00033 -0.00406  0.99627
   0.00094 -0.00582  0.98757
   0.00184 -0.00757  0.92658
   0.00301 -0.00931  0.83577
   0.00445 -0.01103  0.72186
   0.00615 -0.01274  0.59482
   0.00816 -0.01442  0.45807
   0.01049 -0.01606  0.31758
   0.01320 -0.01760  0.19229
   0.01636 -0.01902  0.10437
   0.02006 -0.02029  0.06912
   0.02442 -0.02145  0.07311
   0.02962 -0.02258  0.08364
   0.03585 -0.02380  0.06928
   0.04327 -0.02509  0.02733
   0.05202 -0.02632 -0.00481
   0.06224 -0.02734 -0.00647
   0.07402 -0.02817  0.00776
   0.08725 -0.02886  0.01759
   0.10144 -0.02946  0.01313
   0.11614 -0.02991  0.01013
   0.13116 -0.03018  0.00855
   0.14639 -0.03030  0.00995
   0.16176 -0.03027  0.01227
   0.17727 -0.03011  0.01687
   0.19290 -0.02984  0.02244
   0.20863 -0.02948  0.02839
   0.22447 -0.02904  0.03509
   0.24039 -0.02853  0.04194
   0.25641 -0.02797  0.04871
   0.27251 -0.02738  0.05537
   0.28868 -0.02677  0.06145
   0.30488 -0.02615  0.06651
   0.32109 -0.02554  0.07033
   0.33731 -0.02494  0.07297
   0.35354 -0.02435  0.07491
   0.36979 -0.02375  0.07656
   0.38604 -0.02316  0.07780
   0.40228 -0.02257  0.07888
   0.41853 -0.02197  0.08021
   0.43479 -0.02138  0.08125
   0.45104 -0.02078  0.08247
   0.46729 -0.02018  0.08369
   0.48355 -0.01958  0.08481
   0.49981 -0.01898  0.08593
   0.51607 -0.01838  0.08701
   0.53232 -0.01778  0.08807
   0.54858 -0.01719  0.08905
   0.56484 -0.01659  0.09012
   0.58110 -0.01599  0.09115
   0.59735 -0.01539  0.09219
   0.61361 -0.01479  0.09337
   0.62987 -0.01420  0.09452
   0.64613 -0.01360  0.09577
   0.66239 -0.01300  0.09707
   0.67865 -0.01240  0.09842
   0.69490 -0.01181  0.09989
   0.71116 -0.01121  0.10136
   0.72742 -0.01061  0.10310
   0.74368 -0.01001  0.10468
   0.75994 -0.00942  0.10671
   0.77620 -0.00882  0.10870
   0.79246 -0.00822  0.11090
   0.80871 -0.00762  0.11334
   0.82497 -0.00703  0.11600
   0.84123 -0.00643  0.11894
   0.85748 -0.00583  0.12217
   0.87373 -0.00523  0.12570
   0.88997 -0.00464  0.12978
   0.90618 -0.00404  0.13409
   0.92233 -0.00345  0.13895
   0.93833 -0.00286  0.14399
   0.95395 -0.00229  0.14898
   0.96880 -0.00174  0.15336
   0.98221 -0.00125  0.17099
   0.99361 -0.00083  0.20695
   1.00000 -0.00060  0.23048
